# degree
96
96
73
118
1
116
110
4
53
53
135
96
1
144
117
9
9
42
115
22
2
80
122
100
1
21
130
1
10
116
11
9
81
2
9
64
76
1
145
118
15
160
8
13
12
4
2
126
21
2
1
119
1
85
10
138
3
150
2
117
17
117
117
2
70
160
127
1
143
9
14
11
2
2
100
119
117
117
125
44
1
94
131
126
4
4
50
96
13
12
14
106
8
6
1
67
49
145
54
110
1
12
105
1
14
117
22
110
91
137
11
2
1
138
45
152
5
97
1
72
143
146
94
115
2
122
111
3
38
7
54
107
82
71
68
94
78
92
128
81
130
105
117
11
132
100
132
2
109
48
35
3
88
44
105
1
10
63
13
155
88
155
117
138
143
1
93
117
32
74
3
36
7
138
64
116
4
64
33
20
117
85
113
163
93
13
80
2
18
13
106
32
79
1
9
44
2
23
11
136
40
117
11
125
2
1
29
12
25
143
104
121
93
4
128
78
104
3
11
110
122
132
132
127
95
73
112
2
123
135
109
104
152
5
17
137
145
2
3
129
2
96
140
114
134
88
54
102
19
130
19
43
2
3
85
9
1
11
11
34
33
91
2
128
20
5
104
42
11
163
102
48
47
14
1
3
7
9
9
163
65
128
15
107
94
1
1
119
141
5
163
5
112
6
3
131
4
117
101
46
81
15
97
68
117
151
12
92
137
163
56
138
1
64
96
124
87
1
1
77
126
119
9
117
1
3
89
2
12
110
1
116
104
4
7
122
3
59
132
128
3
76
113
122
23
151
27
7
23
71
143
10
3
159
156
125
107
8
10
36
19
71
136
3
3
160
1
119
5
23
17
145
68
7
117
1
4
9
26
124
125
1
3
77
152
39
23
1
17
121
2
159
117
53
94
120
165
8
143
6
12
52
1
10
9
67
46
163
122
6
103
3
2
28
30
108
42
82
87
123
7
2
1
147
1
109
166
118
4
123
2
16
24
39
1
2
4
15
2
5
4
21
133
16
3
53
119
1
4
163
10
137
81
95
3
104
10
14
8
5
141
36
115
111
11
130
2
4
9
156
10
2
4
34
32
16
43
109
96
115
133
135
134
130
1
86
1
93
6
5
125
121
99
69
105
130
2
89
68
69
8
3
160
7
39
18
43
119
51
127
2
73
108
1
8
87
80
10
116
76
4
1
130
99
7
2
102
3
1
87
23
122
137
114
92
61
83
15
136
12
44
10
2
138
160
49
2
129
135
127
53
126
135
117
151
81
128
49
9
129
1
4
2
101
96
2
112
112
105
117
1
1
86
133
97
109
123
10
105
138
2
146
3
2
91
17
10
2
15
13
48
133
2
119
104
97
6
133
10
35
10
118
138
1
22
124
11
5
38
91
5
12
2
8
85
129
123
157
75
15
25
103
1
11
13
119
27
1
5
7
7
9
1
10
116
4
36
3
132
1
4
151
3
13
14
43
6
2
121
2
2
1
3
166
95
2
1
78
56
145
155
10
13
82
127
4
49
6
11
137
125
94
5
5
48
3
1
4
129
10
59
119
11
9
118
14
96
130
87
95
126
130
114
86
8
47
42
44
58
107
127
38
1
1
