# degree
280
287
270
317
1
343
332
17
220
221
362
270
4
372
342
32
101
333
183
171
15
265
358
338
12
141
327
7
35
312
154
292
84
2
37
195
276
11
352
332
35
378
34
36
90
26
24
357
118
12
5
309
11
315
33
329
27
357
4
351
349
130
338
5
320
378
306
6
356
38
81
37
10
5
327
307
341
350
342
187
10
320
329
279
9
16
258
329
31
88
39
322
43
3
22
196
214
350
279
294
1
136
323
3
44
336
197
306
325
373
36
13
5
247
327
362
54
352
13
293
376
373
279
360
2
360
305
8
148
237
46
302
309
280
306
324
205
360
279
328
321
333
336
132
335
325
365
8
346
268
205
20
319
249
297
5
116
200
39
342
342
277
336
354
325
6
329
304
138
301
23
171
36
348
322
312
16
294
203
320
143
280
307
367
291
32
266
4
142
174
338
284
192
41
8
246
5
150
40
201
370
336
41
320
3
7
162
35
143
333
323
325
281
32
288
360
272
43
85
307
320
365
335
333
224
333
361
2
332
333
355
331
385
81
169
337
336
7
9
344
9
297
336
344
322
326
292
264
321
207
170
112
7
13
239
113
18
35
24
232
285
198
6
331
122
43
305
212
37
192
148
367
309
90
29
12
32
115
34
367
197
320
128
305
300
19
3
309
366
28
367
13
302
32
9
329
76
286
334
286
242
37
342
333
224
347
109
329
373
367
306
365
1
294
342
294
252
5
6
244
340
306
51
342
10
24
268
13
31
311
11
329
346
83
22
337
77
335
331
238
33
225
329
320
122
371
130
25
195
260
373
43
14
379
357
342
310
31
35
249
149
349
246
17
48
378
1
353
19
140
165
337
267
14
351
6
38
76
168
334
339
1
13
273
385
184
143
1
170
320
9
377
257
338
324
335
357
56
58
333
36
253
12
40
38
294
192
367
355
27
341
55
109
27
168
294
139
265
237
352
30
16
5
361
6
346
369
339
9
338
6
151
105
203
1
2
9
79
98
12
21
131
112
340
43
194
354
3
7
352
23
358
327
335
17
292
37
35
31
48
162
366
334
335
21
327
5
25
357
101
77
44
15
145
129
32
308
334
331
227
364
354
351
341
13
280
7
281
25
29
342
333
343
299
296
321
38
332
259
223
38
10
378
19
207
50
153
354
343
283
12
288
344
4
38
333
295
19
312
339
15
5
327
279
32
7
287
9
1
263
355
156
367
360
285
279
325
37
349
26
184
27
7
329
378
202
55
356
355
343
200
346
345
328
371
258
351
222
57
350
4
12
51
282
279
13
326
333
309
345
4
1
292
341
287
359
329
34
339
367
38
369
14
13
313
124
10
69
37
90
257
349
3
309
342
298
104
344
105
73
166
329
297
1
93
334
104
10
151
318
36
13
5
38
334
297
361
320
270
31
135
326
1
37
103
352
215
10
21
23
34
81
2
35
332
84
241
27
339
30
26
371
9
21
83
237
18
9
311
8
3
1
17
369
312
7
3
312
198
350
342
22
127
276
336
14
150
26
33
367
337
333
12
17
154
17
6
8
350
32
346
228
35
22
307
42
325
321
328
293
322
346
315
321
103
205
133
201
164
360
302
171
3
1
