# degree
139
114
138
156
1
179
177
7
92
88
214
138
1
208
178
22
14
158
58
49
2
117
180
154
3
27
188
2
15
172
116
25
36
2
15
94
131
3
192
165
22
209
12
18
24
6
6
177
30
3
2
167
1
132
14
192
7
211
2
175
32
178
164
3
125
209
181
1
198
17
35
15
5
2
150
166
172
173
180
82
1
129
175
180
5
7
89
163
20
27
20
159
15
10
2
90
90
201
105
158
1
30
149
1
16
171
54
144
153
204
19
4
1
179
78
197
10
154
2
121
216
239
129
181
2
195
154
4
56
12
88
161
142
103
139
102
138
130
198
134
173
150
171
21
185
169
202
4
164
70
68
7
144
71
145
3
91
37
16
211
136
211
171
192
184
1
160
132
167
42
3
57
14
188
120
173
5
120
71
169
47
127
160
223
131
21
131
2
46
25
167
58
118
1
16
69
2
53
16
60
197
171
18
163
2
2
55
19
42
192
155
171
131
4
128
198
136
7
21
156
176
202
185
176
139
106
171
2
175
205
179
155
211
12
40
193
195
5
4
198
3
144
189
194
194
146
142
86
52
173
67
31
2
3
119
20
2
13
16
58
62
141
3
192
37
10
147
87
19
223
156
69
71
26
3
4
13
25
12
223
95
174
26
152
136
1
2
167
210
9
223
6
153
8
5
180
12
140
187
85
130
19
167
98
176
202
19
164
204
223
118
198
1
108
142
178
142
2
2
105
178
167
13
178
3
3
119
5
16
170
3
157
179
19
11
178
11
93
192
185
9
160
112
176
45
208
48
11
47
100
216
19
3
209
220
177
150
11
17
72
204
114
48
4
7
209
1
185
9
49
31
193
103
7
175
2
20
15
46
174
184
1
6
109
211
70
46
1
44
179
3
216
102
164
138
180
227
13
13
192
15
83
1
17
15
120
62
223
180
10
161
11
6
36
49
165
58
110
124
170
13
5
2
197
3
170
211
181
7
192
2
65
27
34
1
2
10
2
28
5
4
40
27
194
6
85
187
1
4
207
17
199
151
147
4
148
16
15
13
6
175
63
210
165
12
188
2
6
220
22
26
3
8
55
52
20
80
160
175
149
180
198
188
197
3
138
3
143
12
10
193
165
165
131
159
181
5
109
151
100
15
3
209
8
66
23
64
187
180
89
5
122
182
2
12
130
154
12
174
122
8
3
188
143
14
3
151
5
1
121
180
47
205
178
141
99
154
19
204
15
75
12
2
192
209
92
9
183
205
186
90
180
197
169
208
128
194
92
18
187
1
7
6
140
140
3
177
151
155
180
2
1
131
201
138
193
159
14
159
199
4
209
5
5
141
42
15
3
19
23
86
199
2
167
169
132
26
183
32
17
57
192
177
1
35
174
22
6
53
134
16
6
2
17
130
184
172
214
125
17
44
155
1
14
32
177
66
3
9
9
14
13
1
14
179
20
77
6
204
4
11
208
3
15
19
73
10
3
169
4
2
1
4
211
147
2
1
148
90
201
211
12
26
123
181
6
64
10
17
205
171
147
7
6
64
3
1
4
187
17
179
91
19
14
164
18
152
173
137
145
173
181
186
137
23
77
55
95
68
161
198
72
1
1
