# degree
192
170
183
218
1
228
242
11
136
121
272
183
2
267
247
22
46
84
228
86
5
158
252
210
47
6
229
2
23
220
174
58
50
2
25
129
171
5
256
227
25
270
14
21
44
11
9
247
48
6
3
223
1
199
19
239
11
274
2
236
252
64
228
3
185
270
228
5
265
22
50
20
6
2
206
214
249
242
249
117
3
172
227
233
6
8
141
228
27
44
23
207
21
13
3
117
142
257
159
210
1
54
211
1
20
221
96
214
211
282
25
6
1
233
128
261
18
228
5
175
282
294
172
262
2
265
202
5
87
19
137
193
205
161
215
148
199
184
263
210
219
203
221
52
244
239
267
5
238
129
110
10
204
114
192
3
123
68
22
273
183
273
221
253
248
2
216
191
56
222
5
80
21
254
223
177
6
169
104
235
74
184
199
278
183
26
172
2
65
64
223
110
169
23
3
115
2
78
27
89
273
221
21
232
2
3
82
24
58
237
199
222
173
10
185
263
176
12
35
205
236
267
244
229
142
216
228
2
236
268
231
226
287
29
71
240
248
5
5
260
3
202
256
249
139
239
202
210
219
107
96
51
3
5
152
42
4
20
19
103
117
192
4
236
58
16
204
122
22
221
95
278
106
47
7
7
19
50
17
278
120
232
48
201
191
1
3
223
266
16
278
6
204
14
6
233
28
250
173
176
140
25
241
248
129
259
39
223
282
278
180
257
1
198
240
152
185
2
3
151
223
231
25
247
5
6
165
6
22
221
4
217
235
35
14
221
27
128
236
244
15
216
144
236
70
274
81
18
85
152
282
25
5
272
270
242
210
19
24
129
262
153
76
6
13
270
1
255
11
78
69
240
145
8
236
2
25
23
79
237
244
1
9
149
287
110
79
1
78
231
5
280
141
228
215
245
277
26
27
237
23
125
4
26
22
188
106
278
248
18
237
21
9
49
82
208
84
164
166
236
16
8
2
260
4
236
265
232
7
244
4
52
105
45
1
2
5
22
39
7
7
58
51
245
12
134
249
2
5
262
20
254
211
206
6
203
19
18
21
14
241
100
266
241
14
229
2
270
49
12
40
7
13
79
78
27
119
208
233
241
234
244
261
242
6
191
5
184
14
18
252
225
239
177
207
232
16
154
220
150
23
4
270
11
107
33
92
249
151
242
7
167
251
2
19
185
214
14
233
199
10
3
229
190
16
3
205
5
1
164
248
82
267
245
190
147
212
25
262
17
116
16
2
239
270
135
14
249
268
233
136
242
256
224
274
161
257
125
24
243
3
8
18
194
192
3
217
226
236
208
2
1
189
259
176
219
242
17
218
267
8
267
7
6
213
65
3
19
26
47
130
265
3
223
243
186
47
254
50
26
86
239
215
1
45
237
51
7
77
199
23
7
2
24
180
238
226
265
165
23
60
226
1
24
51
241
109
4
11
16
24
28
2
21
242
38
138
8
256
10
16
274
4
16
35
123
13
3
225
4
2
1
5
265
215
3
1
201
122
257
273
16
48
170
233
8
87
17
22
267
228
222
9
7
90
6
2
4
243
21
237
143
23
19
208
24
213
219
199
199
233
232
233
182
47
74
111
128
90
205
259
99
3
1
