# degree
483
503
481
504
17
503
509
90
491
474
510
503
67
508
494
72
412
497
512
485
62
508
514
500
159
463
489
67
63
500
488
348
494
21
67
475
492
58
504
507
79
519
68
76
335
72
71
509
416
40
37
491
254
485
70
496
267
517
215
509
509
482
508
138
493
519
488
11
507
185
335
79
59
198
509
499
496
505
498
496
47
513
503
512
47
199
494
509
65
332
228
507
71
56
28
467
494
522
495
493
14
483
500
28
232
513
492
479
504
506
65
116
25
500
504
520
428
502
215
506
502
512
503
507
24
510
508
82
430
269
498
490
496
511
494
499
495
489
507
507
494
510
513
463
510
505
518
37
511
504
475
69
502
488
490
258
437
489
235
518
518
486
513
505
495
40
498
498
495
477
251
497
70
511
498
489
264
489
494
506
430
492
497
522
484
80
504
19
459
476
509
470
510
71
218
502
22
457
79
475
508
513
68
507
29
111
473
80
472
503
508
492
502
315
507
490
482
313
364
500
495
518
510
502
510
502
508
18
507
508
502
498
524
448
482
495
496
28
31
503
141
509
500
506
500
509
486
508
469
494
446
464
33
62
479
461
257
70
289
473
477
482
73
495
474
362
507
504
74
496
522
425
479
422
340
99
73
392
76
522
495
484
487
503
508
28
288
491
507
70
522
169
487
258
57
513
400
506
504
499
481
67
497
476
508
500
453
510
506
522
499
506
18
511
496
510
502
19
34
478
498
516
306
494
77
246
508
137
76
493
133
491
499
348
157
504
347
510
495
502
69
504
497
495
438
506
470
62
495
498
502
75
210
516
520
511
505
71
68
492
506
505
468
229
345
519
37
516
262
432
478
496
488
52
509
37
74
449
465
520
508
10
48
492
524
462
482
20
481
516
39
499
508
508
494
512
525
409
247
503
70
489
67
71
75
493
505
522
508
217
509
307
345
462
491
497
426
490
508
479
67
63
75
505
56
507
521
491
38
503
51
442
494
505
24
44
215
370
370
71
243
472
447
520
381
460
508
37
35
516
183
518
504
511
71
484
72
210
72
268
507
464
498
497
56
489
54
238
416
520
441
56
416
471
421
66
498
499
502
488
510
511
510
500
173
509
135
488
59
69
500
500
497
496
488
494
314
506
496
500
70
54
519
169
480
329
435
508
509
496
173
494
511
11
68
501
498
283
497
494
141
101
489
484
71
212
506
23
195
484
508
482
506
511
500
490
500
67
505
190
465
206
44
496
519
477
386
503
508
511
494
509
510
490
506
505
507
483
419
506
56
131
331
487
483
95
515
506
505
505
42
28
484
502
512
513
509
225
500
505
517
274
203
52
502
367
120
405
68
451
493
507
38
491
508
502
375
517
443
362
488
490
496
5
508
459
442
51
488
500
77
51
73
27
498
518
492
522
502
80
468
489
11
78
412
507
475
116
51
112
75
362
17
79
503
350
508
288
509
312
67
506
45
76
428
496
58
45
498
52
68
20
69
521
505
63
22
496
473
522
518
77
511
469
509
457
249
74
76
506
503
505
44
176
468
53
247
39
506
66
498
499
69
81
491
235
511
494
497
494
504
511
506
497
351
400
478
429
476
513
490
451
19
17
