# degree
514
530
517
528
21
536
524
516
507
166
526
530
138
528
520
78
479
523
535
520
75
525
536
520
257
489
520
72
80
523
521
433
520
73
64
515
520
70
527
527
87
530
71
90
411
77
78
532
487
54
50
511
351
518
80
520
369
528
282
533
531
514
525
240
517
530
517
19
527
236
413
85
71
289
531
525
516
525
525
518
63
534
523
529
62
270
521
530
69
407
301
528
77
74
42
491
523
535
523
517
36
509
525
49
302
530
519
510
524
532
68
227
41
522
523
531
477
534
321
523
527
529
523
530
36
529
523
128
487
357
521
528
509
525
519
519
513
516
536
528
512
530
530
493
535
520
537
53
531
524
507
92
520
521
515
382
490
519
302
531
531
514
530
527
519
69
523
525
520
507
368
518
74
534
518
514
351
514
530
525
492
520
519
530
512
85
522
40
492
499
530
500
530
80
281
519
38
496
80
510
527
530
75
527
45
198
509
85
504
525
531
517
529
423
536
514
517
399
449
531
524
537
535
526
529
522
528
29
530
532
523
525
533
489
518
519
519
34
43
528
208
531
526
529
528
527
515
527
505
512
499
505
54
83
504
499
370
73
396
500
511
507
153
525
505
456
532
527
79
523
530
470
517
475
420
187
78
472
87
530
518
521
516
530
525
37
405
511
531
79
530
252
512
348
118
534
459
526
526
520
511
73
525
502
528
523
488
535
532
530
526
527
36
533
525
523
530
26
49
508
522
533
403
520
143
331
530
232
83
511
207
513
526
439
210
524
426
535
525
521
75
525
522
524
485
528
508
114
517
521
527
83
334
530
532
535
526
76
79
520
526
528
502
330
445
530
103
535
371
490
507
519
518
73
533
54
80
480
533
526
495
32
63
522
533
507
511
45
512
533
85
520
525
527
519
532
534
473
318
525
74
520
73
88
80
523
529
530
536
306
532
382
433
510
516
520
476
513
526
508
71
73
153
526
76
531
532
519
66
526
68
494
520
529
41
107
295
463
445
88
342
510
494
531
460
500
530
51
65
535
250
532
530
529
125
514
77
288
81
350
531
495
526
515
115
520
69
300
481
532
499
75
468
507
488
75
517
521
526
530
527
532
533
525
258
530
220
515
117
81
527
519
521
521
512
519
398
530
512
518
76
71
530
223
504
448
482
530
528
527
298
515
537
16
78
517
515
384
524
527
213
196
520
514
77
299
533
303
41
522
536
511
525
532
528
515
528
73
528
269
499
263
65
520
530
509
469
524
532
531
515
528
529
511
528
528
526
506
529
495
81
224
417
515
512
153
532
530
529
527
58
66
521
524
532
527
528
293
530
523
535
365
269
95
522
188
458
462
76
499
516
526
69
511
531
523
465
529
495
431
512
516
520
39
526
514
488
71
514
524
82
69
84
44
521
532
519
535
519
87
504
515
16
80
480
527
510
198
87
156
81
452
33
88
536
418
528
396
528
396
74
528
66
100
492
520
135
57
524
115
159
51
84
532
521
119
30
522
501
535
531
92
503
529
528
320
502
86
90
525
528
525
64
236
517
328
117
62
529
73
519
527
78
89
519
304
533
512
519
519
528
531
524
526
431
457
509
475
503
509
530
483
42
25
