# degree
539
547
546
546
36
549
546
540
216
533
550
547
257
549
543
87
522
548
550
536
100
545
553
543
329
529
546
83
101
548
539
488
547
80
149
541
547
90
550
548
97
548
79
98
479
88
86
552
521
76
64
540
458
538
87
547
482
548
553
370
553
531
548
357
551
548
545
40
549
304
478
94
81
411
553
547
543
547
551
534
79
546
544
547
87
344
537
553
80
487
376
551
81
83
67
525
544
548
549
544
96
533
548
67
378
549
547
537
547
548
81
345
68
541
549
549
509
556
420
540
548
550
547
548
63
544
541
241
517
433
551
548
543
552
544
534
545
540
549
552
545
548
549
525
547
550
555
86
557
557
543
113
538
548
538
462
521
536
379
547
547
542
549
552
543
176
548
545
544
533
472
539
87
544
542
540
463
543
545
549
521
549
546
548
537
99
545
113
523
533
553
534
544
86
553
387
110
528
86
537
546
549
86
546
97
330
534
92
530
545
547
544
549
506
549
539
540
491
511
548
551
555
547
546
551
537
552
60
545
551
551
542
552
521
534
544
550
54
58
554
275
546
551
552
554
556
541
551
536
545
527
532
105
106
533
533
459
82
473
522
544
536
255
548
533
508
547
541
92
548
548
515
545
521
481
267
86
521
100
548
544
545
540
548
542
56
481
540
551
90
548
357
541
429
222
546
501
550
546
535
534
85
547
536
549
549
524
551
548
548
545
548
62
545
546
549
545
38
72
537
546
552
485
543
299
413
546
299
91
539
315
540
546
496
276
544
483
547
548
543
80
535
541
551
514
548
529
193
537
541
548
87
433
549
547
554
545
92
90
542
544
549
522
422
501
548
199
553
454
519
539
550
547
165
553
81
91
508
550
542
531
94
116
548
552
530
526
104
536
542
188
540
548
550
544
549
546
502
406
545
88
549
83
106
87
551
548
548
549
433
551
456
485
537
542
543
509
539
546
529
79
91
231
551
98
551
546
544
134
552
87
527
538
548
67
215
518
495
424
102
425
528
520
547
491
522
549
77
132
546
325
551
552
550
224
537
85
357
89
417
551
518
550
543
223
546
90
403
517
547
524
508
521
142
526
87
543
552
550
556
553
547
550
550
383
550
310
541
220
91
553
541
544
551
540
548
476
535
552
533
80
96
548
298
527
518
515
549
549
549
419
546
554
20
85
542
539
457
543
549
275
274
546
539
87
418
548
399
67
545
531
549
552
547
552
543
553
85
549
347
524
331
81
547
548
527
498
548
551
546
533
549
545
544
548
545
549
529
553
522
106
302
477
542
538
265
553
549
549
545
87
148
543
545
553
550
545
366
547
549
547
452
344
223
551
275
503
507
83
516
543
550
149
540
553
542
497
545
519
538
511
543
547
123
550
536
521
86
542
545
91
100
89
70
542
549
547
546
537
105
530
548
34
88
520
549
537
277
167
246
94
517
100
68
549
507
542
486
553
486
86
548
98
119
526
544
224
118
548
214
303
102
141
546
544
287
52
550
528
548
547
106
528
542
549
405
526
96
101
547
544
546
91
306
546
181
436
111
553
84
549
545
87
105
546
382
553
545
551
548
550
546
543
555
481
505
539
512
523
543
555
514
87
48
