# degree
573
578
576
575
79
580
571
567
299
565
579
578
438
580
578
105
558
582
564
572
225
568
582
579
574
500
576
99
133
577
575
545
579
102
369
572
579
128
579
580
124
585
99
118
542
109
103
577
558
95
179
577
552
576
107
579
538
579
579
529
583
559
582
515
577
585
581
77
583
462
542
114
101
521
583
576
573
580
577
566
119
580
578
566
132
471
570
578
99
542
498
584
101
104
156
563
568
586
580
574
258
583
572
95
499
583
579
572
575
578
102
492
576
569
155
584
540
578
536
573
575
578
566
579
187
582
569
563
470
573
528
579
579
582
579
577
558
575
581
579
575
577
583
562
576
578
578
210
581
577
575
122
579
577
573
508
549
568
505
584
584
579
583
581
579
330
578
572
573
575
545
563
101
579
577
578
545
574
575
577
546
580
576
586
579
126
576
336
556
577
569
574
573
104
577
531
295
575
112
576
580
583
102
579
271
502
574
122
565
583
577
579
571
555
581
579
573
550
547
581
576
578
576
575
576
560
578
215
577
581
580
576
581
547
573
581
580
97
128
580
382
580
583
583
578
573
582
576
566
575
569
554
152
247
565
578
549
100
525
559
581
579
344
581
567
569
576
570
109
579
586
558
582
569
557
435
106
546
121
586
577
571
573
576
573
123
529
577
585
108
586
499
574
540
390
580
536
576
573
565
576
101
572
568
580
581
573
580
578
586
578
581
108
575
576
579
566
81
214
568
573
584
540
578
499
567
539
411
109
578
474
577
581
553
398
578
549
581
566
576
104
562
574
576
549
582
559
320
566
570
575
106
497
581
579
581
579
106
105
573
567
583
546
534
585
573
319
576
522
545
571
580
582
308
579
187
105
540
573
586
579
198
248
576
581
558
559
257
571
575
347
574
582
580
579
576
583
536
577
500
106
576
104
199
106
576
567
586
579
523
578
526
530
559
565
576
548
571
575
570
100
110
347
579
134
581
583
581
309
575
109
580
571
565
159
437
560
541
541
191
522
563
551
589
532
559
577
146
317
579
454
586
580
577
384
576
101
500
115
523
585
553
582
577
338
576
123
515
545
579
555
538
550
281
548
102
571
585
579
582
580
588
580
578
485
576
482
573
343
103
582
577
573
576
571
581
547
577
577
559
101
225
585
473
574
552
552
577
587
576
513
576
578
40
107
576
575
520
580
576
410
370
576
570
107
538
571
171
532
576
567
579
584
580
578
572
579
101
583
493
561
469
110
579
585
562
549
578
581
587
582
554
583
580
582
569
582
579
582
555
218
443
542
570
573
578
489
580
575
576
132
297
580
569
577
583
575
493
577
576
588
533
461
346
578
405
533
544
99
537
577
578
350
577
584
570
530
586
546
562
561
579
579
282
573
560
551
126
561
577
113
141
110
160
573
581
576
583
572
127
570
578
141
113
548
576
568
416
290
377
111
546
120
247
580
552
571
544
575
545
104
582
133
139
569
571
353
264
576
376
500
201
373
583
574
493
172
580
561
586
584
130
569
570
581
536
558
118
118
580
575
577
120
481
577
333
538
299
582
104
575
571
102
127
575
502
585
575
582
581
577
582
572
581
535
552
573
562
555
579
575
551
267
77
