# degree
425
419
426
454
6
447
455
34
409
384
466
419
11
460
444
59
240
405
465
406
38
420
458
446
46
362
441
51
30
431
368
200
433
2
56
340
429
25
443
458
68
468
56
63
190
52
59
456
250
18
22
434
82
434
60
440
89
465
50
459
292
460
456
31
438
468
430
8
452
59
191
61
35
60
452
438
443
465
439
386
25
463
423
466
22
65
431
443
54
180
117
444
64
10
37
355
408
472
425
421
6
386
440
7
127
465
426
369
443
456
52
37
14
442
434
471
231
453
71
438
476
462
423
450
5
460
448
24
284
142
404
432
434
446
358
429
433
462
424
444
430
451
465
334
456
451
460
17
448
436
373
42
435
425
428
56
256
364
121
475
475
430
465
456
443
12
440
335
444
429
108
373
57
455
423
431
123
428
407
266
450
423
429
471
421
66
427
5
287
392
453
426
364
58
54
421
10
344
62
401
458
465
55
449
13
22
333
64
380
451
459
439
427
121
462
425
412
176
210
449
429
460
456
445
399
456
452
7
448
449
457
441
462
262
397
439
446
13
13
445
51
456
452
444
433
450
414
441
395
430
258
329
28
16
379
356
90
58
98
361
395
420
15
449
356
154
423
457
62
373
279
471
435
250
143
26
57
238
57
471
345
442
359
444
441
8
102
434
453
61
471
61
421
99
30
463
221
454
435
422
418
51
448
403
441
458
328
448
456
471
452
450
2
405
437
434
450
8
19
415
454
439
152
444
32
98
418
37
61
425
27
435
445
193
73
456
178
390
456
449
56
451
410
429
255
453
309
43
403
439
462
60
36
463
463
447
456
56
57
424
414
450
347
81
164
468
11
454
84
272
389
446
423
33
459
16
60
268
382
461
455
3
31
424
462
305
356
4
382
461
16
433
468
456
433
447
471
216
137
451
63
419
54
36
61
439
410
471
456
66
456
263
157
150
375
425
273
408
451
395
54
39
16
448
28
453
466
439
19
443
27
394
279
398
5
13
51
222
199
37
115
279
469
298
171
340
452
10
11
465
93
470
438
444
35
424
57
108
60
141
453
320
435
442
40
441
23
123
230
463
226
36
315
226
257
53
435
444
448
393
464
459
459
445
48
446
31
416
40
53
445
441
444
437
431
436
123
453
428
387
59
22
468
41
373
155
300
452
466
435
42
411
461
6
56
435
420
89
431
435
31
17
441
413
53
50
447
7
69
417
456
355
452
451
435
424
451
51
450
96
336
99
16
440
468
374
197
446
449
464
359
466
462
438
453
420
445
408
205
450
14
31
135
418
414
32
442
451
438
448
15
4
433
437
447
453
446
114
436
461
130
470
80
28
443
30
186
242
54
260
425
456
8
434
450
443
207
466
245
194
370
428
440
1
263
455
252
22
371
443
60
23
12
59
440
465
429
470
429
63
321
436
5
59
239
453
415
22
40
38
56
212
4
65
447
200
429
126
444
146
55
453
23
38
248
422
41
30
427
17
17
4
42
466
430
29
6
445
358
472
475
48
420
359
456
87
285
47
61
452
452
439
22
44
331
108
18
15
450
50
431
443
57
49
426
121
451
430
437
436
436
464
445
437
202
257
380
288
377
459
432
298
8
6
