# degree
378
354
368
403
3
415
412
25
329
319
420
354
7
417
407
54
163
286
413
300
23
350
425
406
256
28
399
12
38
382
280
135
373
2
48
271
367
21
417
414
50
437
44
47
141
44
45
423
191
18
11
383
38
387
48
398
55
430
18
418
215
424
416
15
399
437
392
7
419
42
136
50
20
23
410
394
406
423
406
294
18
369
390
411
15
31
370
398
44
136
81
405
55
7
29
274
332
424
380
378
2
263
397
5
84
420
298
389
387
423
44
26
10
399
360
433
139
414
25
383
436
422
369
412
3
414
388
15
224
102
344
395
390
386
289
385
394
427
359
402
390
403
420
235
415
406
429
11
420
363
296
29
396
350
381
21
201
287
79
427
368
427
420
415
399
10
399
245
399
376
64
273
48
421
389
380
63
379
329
213
393
376
380
435
364
51
347
4
220
290
414
366
276
50
26
356
6
253
50
318
424
420
50
405
6
10
255
51
266
405
402
395
362
75
427
377
374
108
149
387
390
429
415
406
309
407
416
4
413
424
411
402
433
166
401
407
275
10
9
409
21
404
421
400
402
373
394
367
390
320
180
259
21
10
318
222
45
50
52
371
337
286
8
400
234
92
333
388
52
290
217
435
389
160
70
16
42
185
45
435
272
395
243
385
391
3
43
383
423
47
435
30
386
61
18
411
151
413
369
336
359
44
407
406
313
416
226
404
423
435
401
418
1
342
403
384
376
6
14
334
413
387
100
407
17
44
354
19
46
392
16
394
406
140
41
415
126
327
415
400
45
312
410
390
185
425
217
35
327
367
422
53
20
436
432
408
413
45
45
353
247
342
419
48
73
437
3
416
27
182
283
407
364
20
418
11
49
170
282
422
408
1
21
359
433
220
273
1
282
407
12
366
428
416
394
417
436
121
88
405
49
346
21
47
53
386
295
435
404
36
408
185
74
112
262
383
203
349
330
420
43
29
8
422
13
403
433
399
16
414
15
312
190
299
2
8
27
153
160
22
61
206
207
429
94
266
419
6
10
428
63
437
391
404
29
381
47
68
49
99
241
423
408
398
35
399
12
59
166
432
142
126
25
224
201
44
408
395
411
319
427
419
417
398
18
380
14
370
35
48
410
404
408
391
376
394
73
412
356
307
51
11
437
34
308
88
222
419
421
375
21
354
412
6
48
393
377
41
391
407
20
10
399
370
43
18
380
2
32
348
267
404
425
413
377
370
398
44
419
60
245
56
9
398
437
303
120
414
424
279
417
421
423
391
425
350
412
328
108
412
5
18
81
367
372
22
392
411
403
391
7
4
375
371
415
425
402
81
398
425
77
435
36
19
400
18
126
189
42
170
361
423
5
383
408
378
155
424
177
138
254
382
398
1
178
408
172
13
257
408
47
19
9
48
383
426
384
429
367
47
232
388
3
51
174
415
342
13
32
33
50
146
3
51
412
148
346
74
410
77
44
425
12
30
149
349
31
19
390
9
6
3
28
433
382
13
6
387
276
424
427
36
236
365
416
33
222
34
47
425
414
389
16
29
235
52
12
11
412
39
353
413
46
39
382
85
412
390
392
379
394
390
417
388
160
203
295
231
287
429
395
226
4
4
