# degree
240
237
220
273
1
296
294
13
173
171
313
220
4
325
296
28
79
127
278
118
11
211
307
274
9
82
269
4
31
259
99
225
58
2
32
156
231
6
305
284
27
320
26
28
61
15
14
300
84
8
4
276
3
268
27
278
18
315
3
302
296
100
280
4
241
320
269
6
314
27
64
30
9
3
272
262
304
289
305
139
8
276
230
284
6
13
199
283
29
59
27
263
30
3
18
158
168
298
227
253
1
97
267
2
24
286
146
261
273
341
32
9
2
187
278
310
27
283
9
239
328
331
230
313
2
320
254
5
113
189
30
256
258
218
264
264
175
323
233
274
270
282
286
90
295
283
313
7
294
190
157
16
269
184
243
3
86
160
25
311
311
240
286
303
284
5
280
253
92
260
10
126
27
299
277
253
9
231
137
275
97
235
243
322
232
28
219
3
103
110
276
221
157
32
5
184
3
111
31
145
330
286
28
278
3
3
112
28
108
268
281
270
228
22
234
323
230
21
59
255
282
313
295
277
281
178
301
2
286
280
315
281
341
47
113
292
291
6
6
305
4
256
300
301
287
241
277
212
270
155
129
90
6
10
191
73
10
29
23
166
241
150
6
273
87
25
244
170
27
139
115
262
322
66
16
9
29
75
25
322
151
271
83
252
248
2
6
276
311
19
322
9
245
21
6
276
53
295
234
237
180
31
292
294
171
300
65
277
341
322
248
315
1
242
290
254
199
3
5
203
276
274
36
296
6
12
208
9
26
268
7
266
289
58
15
273
46
273
179
295
22
267
181
282
99
331
101
22
134
202
331
35
8
328
316
258
292
22
29
199
298
199
108
11
33
320
1
311
15
114
110
292
199
10
302
3
29
44
115
290
286
1
11
220
341
149
107
1
114
276
6
335
202
280
264
294
320
38
47
281
30
198
7
32
31
252
150
322
311
24
292
30
65
17
117
252
106
213
203
302
22
12
3
318
5
298
321
296
8
290
6
93
69
156
1
2
8
53
68
11
10
85
84
297
26
176
304
2
5
308
20
313
279
269
11
248
30
20
27
33
292
131
311
288
18
269
3
316
70
18
53
9
26
104
104
29
169
269
292
282
322
311
290
296
7
227
5
228
19
23
309
279
294
234
242
276
22
286
200
184
30
8
320
14
153
39
123
304
216
288
11
229
304
4
28
275
245
17
259
288
12
3
269
233
23
4
243
7
1
224
116
311
298
313
229
213
271
31
298
21
158
19
5
278
320
172
26
296
315
295
172
288
300
275
331
201
315
176
35
304
3
11
30
244
237
8
275
285
284
272
4
1
249
300
233
306
283
23
285
324
20
317
8
9
255
94
6
40
31
66
202
308
3
276
295
243
77
300
74
47
128
278
251
1
65
290
71
9
114
252
26
9
4
32
234
290
316
265
217
29
95
273
1
34
77
296
158
7
15
20
28
54
2
28
294
61
191
13
290
18
20
331
6
19
57
172
16
5
266
4
3
1
14
321
262
3
1
254
156
298
311
21
88
220
296
10
121
19
28
313
289
285
10
13
122
8
4
5
304
26
303
181
28
21
255
26
273
270
268
264
275
276
295
238
72
152
100
167
125
316
256
128
3
1
