# degree
457
474
453
475
9
476
482
42
464
438
488
474
28
484
467
65
308
461
488
451
47
476
490
475
79
425
471
58
45
468
440
261
471
3
63
404
460
35
471
479
71
497
62
69
239
64
68
485
326
26
33
459
126
461
66
466
148
489
105
486
486
378
487
69
465
497
465
9
473
105
257
71
42
120
484
468
465
487
472
447
34
491
478
493
33
122
460
478
59
246
166
478
66
11
43
411
459
491
456
463
7
442
473
14
166
488
458
431
471
479
57
52
19
476
477
490
326
477
128
472
490
486
478
479
9
484
473
39
356
187
445
458
462
474
429
467
465
485
459
471
462
487
488
423
486
478
493
21
481
472
438
54
469
463
463
128
416
326
168
495
495
461
488
476
467
21
470
415
470
469
168
445
61
482
463
463
199
462
462
332
472
462
466
497
448
74
469
8
370
438
473
432
483
64
105
468
17
410
69
435
485
488
62
477
21
44
407
71
444
475
486
466
481
189
485
455
449
222
266
474
470
493
486
475
478
456
485
10
480
478
477
467
495
354
450
471
470
19
15
471
68
489
477
470
473
472
452
471
444
462
339
392
38
22
427
417
150
65
166
434
440
450
30
469
429
238
490
478
66
464
497
344
420
346
226
42
67
314
64
497
468
413
439
474
474
16
166
459
476
67
497
95
455
162
35
491
309
479
476
468
446
60
473
444
467
476
409
482
479
497
477
469
7
480
463
479
471
10
21
448
474
489
209
467
47
148
481
64
64
460
47
466
471
257
106
485
254
486
469
465
65
476
457
470
334
478
390
53
463
466
486
67
85
492
493
489
473
62
62
461
470
472
404
139
223
497
20
487
136
338
445
470
455
42
486
22
67
371
431
494
476
4
40
460
495
372
418
8
442
490
30
464
487
489
465
479
495
304
179
475
68
459
62
48
66
464
467
497
483
123
485
345
233
239
450
460
344
449
476
445
63
50
38
482
35
480
490
466
25
465
35
472
358
463
12
22
120
277
269
50
160
358
393
490
265
398
483
19
20
492
128
487
468
479
40
449
63
142
66
197
476
392
468
459
44
471
30
173
296
493
322
40
394
307
336
59
468
461
477
438
484
489
487
470
88
479
61
454
49
65
472
463
470
469
465
466
195
475
463
446
63
31
497
81
441
224
371
483
488
473
84
455
484
6
63
462
463
146
471
462
66
38
471
446
61
113
490
115
14
458
483
422
481
484
471
454
472
60
472
128
403
141
27
466
497
431
271
470
478
492
430
488
492
464
478
472
478
446
290
471
28
60
215
462
446
53
486
475
478
473
8
22
449
471
473
475
477
154
474
484
498
187
134
39
470
263
56
314
62
353
457
482
16
459
472
469
267
485
328
254
439
463
466
2
347
476
339
32
451
472
70
25
66
17
470
487
465
492
467
71
396
457
7
67
311
474
449
46
42
56
66
265
7
71
476
263
463
185
469
224
62
478
30
51
334
469
46
36
466
30
34
6
52
490
471
42
9
476
423
491
495
60
479
434
480
368
156
58
67
481
474
470
30
95
398
29
179
23
471
62
470
473
60
61
455
170
480
462
465
466
471
492
474
466
258
310
435
345
430
484
458
380
9
10
